% Banavar Sridhar 1973

A=[ 0.0210   0.025  -29.64   0.6968  0.1879  0   -0.0941   0 0 0;
   -0.0903  -0.802  -80.96  -1.878   0.5524  0   -8.517    0 0 0;
    0        0        0      1       0       0    0        0 0 0;
   -0.0058  -0.0145 1.4672  -1.460   0.45    0    0.068    0 0 0;
    0        0        0      0       0       1    0        0 0 0;
    0        0        0      0      -784    -35   0        0 0 0;
    0        0        0      0       0       0    0        1 0 0;
    0        0        0      0       0       0   -784    -35 0 0;
    0        0        0      0       0       0    0        0 1 0;
    0        0        0      0       0       0    0        0 0 1];  
%
B=[ 0        0        0      0       0      784   0        0 0 0;
    0        0        0      0       0       0    0      784 0 0]';
%
C=[ 1        0        0      0       0       0    0        0 0 0;
    0        1        0      0       0       0    0        0 0 0;
    0        0        1      0       0       0    0        0 0 0;
    0        0        0      1       0       0    0        0 0 0;
    0        0        0      1       0       0    0        0 1 0;
    0        0        0      1       0       0    0        0 0 1];    
%
V=diag([ 1 1 1 1 1 1 1 1 1 1]);
%
R=diag([ 1 1]);
%
Q=diag([ 1 1 1 1 1 1 1 1 1 1]);
%
% Kf=[ 2 0 2 0 2 0;
%     0 2 0 2 0 2];
% Kf=[-1];
% Stabile Lösungen  mit LAK-Verfahren numerisch
%K=[ -0.0199   -0.0696    2.3972    1.3932;
%   -0.0107   -0.0565    0.2781    0.0851];
% Mit LAK-Verfahren analytisch
%K=[-0.0163   -0.0431    4.0432    0.7119;
%   -0.0052   -0.0132    1.3149    0.1837];

%K=[-0.1387   -2.0449    1.0000    2.5803;
%    0.0524   -0.5255    5.8388   -0.4881];

%K=[-0.3922   -0.0267   20.7551    5.7772;
%      0.0388   -0.0218    0.0865    0.0482]; 
