% Banavar Sridhar 1973
A=[ 0.0210   0.025  -29.64   0.6968  0.1879  0   -0.0941   0;
   -0.0903  -0.802  -80.96  -1.878   0.5524  0   -8.517    0;
    0        0        0      1       0       0    0        0;
   -0.0058  -0.0145 1.4672  -1.460   0.45    0    0.068    0;
    0        0        0      0       0       1    0        0;
    0        0        0      0      -784    -35   0        0;
    0        0        0      0       0       0    0        1;
    0        0        0      0       0       0   -784    -35];
%
B=[ 0        0;
    0        0;
    0        0;
    0        0;
    0        0;
    784      0;
    0        0;
    0      784];
%
C=[ 1        0        0      0       0       0    0        0;
    0        1        0      0       0       0    0        0;
    0        0        1      0       0       0    0        0;
    0        0        0      1       0       0    0        0];
%
%L=diag([-17 -17 -16 -16 -1.8 -0.025 -0.4 -0.4]);
%L=diag([-10 -10 -6 -6 -1.5 -1.5 -2 -2]);
%L=diag([-15.8324+21.9591i -15.8324-21.9591i -16.9307+20.0594i -16.9307-20.0594i  -4.1563 -0.8541+ 1.6236i -0.8541 - 1.6236i -0.8505]);
%
V=diag([ 1 1 1 1 1 1 1 1]);
%
R=diag([ 1 1]);
%
Q=diag([ 1 1 1 1 1 1 1 1]);
%
% K=zeros(2,4);
%
% Kf=[ 2 0 2 0;
%     0 2 0 2]; 
% Kf=[-1];
% Alle K fï¿½hren zu instablen RK
% K=[ 0.154 -0.407 0.207 0.169;
%    1.281 -3.150 1.605 1.309];
%
% K=[ 0.165 -0.407 0.207 0.169;
%    1.281 -3.150 1.605 1.309];
%
% K=[ 0.135 -0.316 0.296 0.217;
%    1.425 -3.350 3.130 2.300];
% Stabile Lösungen  mit LAK-Verfahren numerisch
K=[-0.0199   -0.0696    2.3972    1.3932;
   -0.0107   -0.0565    0.2781    0.0851];
% Mit LAK-Verfahren analytisch
%K=[-0.0163   -0.0431    4.0432    0.7119;
%   -0.0052   -0.0132    1.3149    0.1837];
%
%K=[-0.1387   -2.0449    1.0000    2.5803;
%    0.0524   -0.5255    5.8388   -0.4881];
%
%
% Erweiterung mit Q-Berechnung via Polvorgabe
% L=diag([-16 -16 -17.5 -17.5 -1.5 -1.5 -1 -1]);   % Rp=0.25
% L=diag([-16 -16 -10.5 -10.5 -1.5 -1.5 -1 -1]);   % Rp=0.25
% =diag([-9.6 -9.6 -10.5 -10.5 -3 -3 -4.5 -4.5]);   % Rp=6
% L=diag([-12 -12 -8 -8 -6 -6 -4 -4]);   % Rp=0.25
% Q =diag( [ 0.0756    0.0023    0.0013    0.0001    0.0005    0.0027    0.0770    0.8403]);
% K = [-0.4116   -0.0275   21.3154    6.0117;
%      0.0408   -0.0230    0.0824    0.0518];
%  
%Q =diag( [ 0.0717    0.0021    0.0019    0.0004    0.0003    0.0032    0.0717    0.8488]);  
%K = [-0.3922   -0.0267   20.7551    5.7772;
%      0.0388   -0.0218    0.0865    0.0482]; 
