%
A=[ 0 0 1 0;
    0 0 0 1;
    0 0 0 0;
    0 0 0 0];
%
B=[ 0          0;
    0          0;
    5.765 -0.326;
    -0.651 2.786];
%
C=[ 1 0 0 0;
    0 1 0 0];
%
K=[ 0.1486    0.0077;
    0.0217    0.2487];
%
%K=[ 1 1;
%    1 1];
R=diag([ 1 1]);
%
V=diag([ 1 1 1 1]);
%
Q=diag([ 1 1 1 1]);
%
% L = diag([-4 -3 -2 -1]);
%
%Kf= [2 2;
%     2 2];
%