%function [A,B,C,K,R,Q,V,Kf]=GA824(x)
%Zustandsraummodell des Gasabsorber 6. Ordnung 
%
A=[ -1.17   0.634     0.0    0.0     0.0     0.0    0.0   0.0;
     0.539 -1.17      0.634  0.0     0.0     0.0    0.0   0.0;
     0.0    0.539    -1.17   0.634   0.0     0.0    0.0   0.0;
     0.0    0.0       0.539 -1.17    0.634   0.0    0.0   0.0;
     0.0    0.0       0.0    0.539  -1.17    0.634  0.0   0.0;
     0.0    0.0       0.0    0.0     0.539  -1.17   0.0   0.0;
    -0.720  0.0       0.0    0.0     0.0     0.0    0.0   0.0;
     0.0    0.0       0.0    0.0     0.0     -1.0    0.0   0.0];  	
% 
B=[ 0.539  0.0;
    0.0    0.0;
    0.0    0.0;
    0.0    0.0;
    0.0    0.0;
    0.0    0.634;
    0.0    0.0;
    0.0    0.0];
%
C=[ 0.72 0 0 0 0 0 0 0;
    0    0 0 0 0 1 0 0;
    0    0 0 0 0 0 1 0;
    0    0 0 0 0 0 0 1];
%
Q=diag([ 1 1 1 1 1 1 100 49]);
%
V=diag([ 1 1 1 1 1 1 1 1]); 
% 
R=diag([ 1 1]);
%
%switch x
% Kf=[2 2 2 2;
%    2 2 2 2];
%Kf=[-1];
K=[ 5.8456    0.0710  -10.5475   -0.1132;
    0.0641    3.8257   -0.0810   -7.3151];
%
%case 1
% Kf=[0 2 0 2;
%    2 0 2 0];
%K=[ 0   -5.8781         0    2.9446;
%    6.3881         0   -3.6042         0];
%
%case 2
%Kf=[2 0 2 0;
%    0 2 0 2];
%
%K=[ 5.8463   -0.0000   10.5487    0.0000;
%    0.0000    6.7836    0.0000   20.4330];
%
%end
%