% Hubschrauber im Schwebeflug GS S. 36
A=[ 0   0.4989     0       0       0;
    0  -0.4022     0       0       0;
    0   0          0       4.008   0;
    0  -0.009793   0      -0.7637 -0.9658;
    0   0.03684    0      -1.498  -3];
%
B=[ 0       0;
    12.04   0;
    0       0;
    -1.728  -6.541;
    6.68    -6.984];
%
C=[ 1 0 0 0 0;
    0 0 1 0 0];
%
K=[ 0.0765   -0.0318;
   -0.0403   -0.9006];
%
V=diag([ 1 1 1 1 1]);
%
Q=diag([ 2 1 2 1 0.1]);
%
R=diag([ 1 1]);
%