% Korn - Wilfert
I=[5 2 2];
%
A=[ -0.2  0.1  0.4  0   0;
     0.1 -0.3  0    0.7 0;
     0   -0.9 -0.9 -0.2 1;
     0.2  0   -0.3 -1   0;
     0    0    0.1  0  -2];
%
B=[  0  0;
     0  0;
     0  0;
     1  0.3;
     0  1];
%
C=[ 1  0  0.5  0   0;
    0  1  0    0.2 0];
%
K=[ 1  2;
    3  4];
%
R=[ 1 0;
     0 2];
%
V=[ 1 0 0 0 0;
     0 1 0 0 0;
     0 0 1 0 0;
     0 0 0 1 0;
     0 0 0 0 1];
%
Q=[ 1 0 0 0 0;
     0 1 0 0 0;
     0 0 1 0 0;
     0 0 0 1 0;
     0 0 0 0 1];
%