% Simulation 3-Tanksystem Kap. 3.5 S.22
% https://www.arndt-bruenner.de/mathe/scripts/eigenwert2.htm
%T=[ 0,761988198540932; -1,6007361691096187; 1; % zum Eigenwert -6,201472338219242:
%   -0,8345395441411443; 0,2274520456117616; 1; %  zum Eigenwert -2,545095908776476:
%    1,5725513456002111; 1,3732841234978586; 1]; % zum Eigenwert -0,25343175300428267:
%
A=[ -2  2  0;
     2 -4  2;
     0  2 -3];
B=[ 0.5    0;
       0      0;
       0   0.5];
C=[ 1  0   0;
       0  1   0;
       0  0   1];
%K=[ 1.2484   -2.8858    0.1043;
%      0.2171    2.3775    1.4918];
K=[ 4.0000    4.0000   -0.0000;
   -0.0000    4.0000    2.0000];
%
%L = diag([-4 -4 -4]);
%
%Q=[32.0000   48.0000  -16.0000;
%  -16.0000  -32.0000   -8.0000;
%  -16.0000   56.0000   12.0000];
%
Q=[ 16.0000   40.0000  -32.0000;
    40.0000    0.0000   48.0000;
   -32.0000   48.0000   -4.0000];
%
%Q=diag([ 1 1 1]);
%
V=diag([ 1 1 1]);
%
R=diag([ 1 1]);
%
